77
1027
9203
5647
7950
4267
477
3333
6802
6891
63
2006
7492
9810
1188
4142
1562
1702
8162
2139
3817
9942
1518
8302
5855
1568
8884
6106
5991
5362
202
4080
7185
1791
1327
8177
9633
3944
2106
3797
3694
5326
277
8083
4237
1227
4600
7741
3800
7021
2884
327
5832
7356
5116
6649
3249
7644
3733
7014
8412
2603
495
4878
2208
2158
8899
4920
8405
3639
5487
3371
3777
5070
7490
8960
2020
8023
4702
424
7000
3545
7658
5353
3990
6375
4781
9148
5859
2245
3046
9476
7072
597
476
8755
3132
5279
5592
9267
3680
8603
233
7629
3484
4655
5509
717
1207
590
2882
1060
5247
71
6932
9371
7516
890
6933
5058
6047
2356
4880
42
5674
9563
7537
6368
7209
7283
3589
8209
5439
2432
6022
7143
8662
1358
8440
5952
8745
1558
8529
651
1177
7717
6596
1045
3661
3793
7257
4515
1737
2962
7049
5472
140
7975
1669
4858
7459
28
5719
3997
4973
9488
7003
5795
7438
2268
3290
8234
8862
2843
3698
2842
9668
1407
9973
4961
7754
6416
6602
5517
5229
5815
5175
4814
6162
4438
2716
6953
5813
3378
7284
5161
5842
1757
5119
2803
7938
2407
8047
359
2585
9344
9058
4729
9637
9027
9512
2712
669
2053
3250
8066
5500
5214
2498
1084
4472
8954
1246
7389
5690
216
4986
6907
1622
1697
4649
3007
3238
6777
2391
6664
3775
8773
6481
3093
2303
7921
6401
1213
9993
8423
9017
8997
8769
8926
1069
784
4323
8582
3437
5166
1425
193
1594
8356
4578
2003
5374
546
3438
7301
859
133
585
8660
3638
8093
7478
2384
9286
6349
1648
9523
3400
5430
2989
3576
638
4008
7232
1907
1030
7302
3268
6841
9154
5727
498
5960
2917
1303
3985
148
3221
5513
9428
1247
3422
8230
6917
2194
2577
4372
1187
7663
627
8927
3887
2755
9994
1650
6175
7995
6713
3308
8765
8579
6134
7188
7424
5159
7320
759
3094
9918
4553
7756
4827
1466
6305
1900
7431
9483
1101
9085
4346
6436
9636
4937
5344
6541
5097
9455
4269
3478
4910
4097
9801
2839
7536
8265
4819
6847
6143
6220
8494
4295
8833
1701
9057
2100
8069
1703
1809
5983
7929
4023
9498
5953
2624
3097
89
6677
8175
1473
7549
3756
7240
2331
4263
7128
7018
2069
4396
6852
1849
4116
2662
7259
508
8296
8459
9266
6998
4801
747
775
1674
5710
9207
6489
8512
610
2867
5041
7891
7600
3162
2507
6170
3389
1963
9423
5935
1911
1536
797
6126
3349
1563
1495
2521
6072
6625
7761
7481
3727
1465
7086
9698
7704
6474
3719
2987
198
5139
1649
7215
2906
6962
1147
5400
2081
7698
8952
4951
6009
1667
5305
3823
6422
4303
173
7534
1232
2354
8722
2997
62
1994
9799
3645
756
8043
4588
5679
9978
924
1226
8572
4039
3462
1769
1768
8223
2868
7138
9979
2554
5476
454
8188
6308
1625
6673
7501
8994
7262
7784
4593
3477
2679
3683
6473
6559
